"","V1","V2","V3","V4","V5","V6","V7","V8","V9"
"1",0.0535778496943546,0.0632865875584322,0.0988852930600504,0.0568140956490471,0.0988852930600504,0.0891765551959727,0.312477526069759,0.079467817331895,0.147428982380439
"2",0.0591465990705534,0.100971694127588,0.10857625686523,0.0591465990705534,0.256865230249261,0.0857625686523025,0.0971694127587664,0.169412758766371,0.0629488804393747
"3",0.0357757137942896,0.0202958376332989,0.122463020295838,0.0605435156518748,0.162710698314413,0.103887168902649,0.0481596147230822,0.0264877880976952,0.419676642586859
"4",0.0314814814814815,0.389814814814815,0.0939814814814815,0.114814814814815,0.0856481481481482,0.123148148148148,0.0564814814814815,0.0481481481481481,0.0564814814814815
"5",0.0397523623330075,0.0690778755294884,0.0632127728901923,0.0749429781687846,0.0485500162919518,0.415118931247963,0.086673183447377,0.0397523623330075,0.162919517758227
"6",0.0248708010335917,0.129521963824289,0.109173126614987,0.123708010335917,0.0771963824289406,0.219638242894057,0.0219638242894057,0.205103359173127,0.0888242894056848
"7",0.0425649530127142,0.311221669430625,0.062465450525152,0.0375898286346048,0.107241569928137,0.137092316196794,0.0475400773908237,0.0425649530127142,0.211719181868436
"8",0.0383838383838384,0.0565656565656566,0.0965656565656566,0.042020202020202,0.136565656565657,0.0602020202020202,0.482020202020202,0.0383838383838384,0.0492929292929293
"9",0.0338319088319088,0.0819088319088319,0.360754985754986,0.117165242165242,0.0498575498575499,0.0947293447293447,0.0626780626780627,0.101139601139601,0.0979344729344729
"10",0.108641975308642,0.058641975308642,0.153086419753086,0.164197530864198,0.108641975308642,0.203086419753086,0.0364197530864198,0.058641975308642,0.108641975308642
"11",0.0764381402679275,0.101260835303389,0.0657998423955871,0.15090622537431,0.0516154452324665,0.14026792750197,0.0303388494877857,0.267927501970055,0.115445232466509
"12",0.0636752136752137,0.217521367521368,0.152136752136752,0.113675213675214,0.155982905982906,0.055982905982906,0.0444444444444444,0.0367521367521368,0.15982905982906
"13",0.0168231611893584,0.013302034428795,0.155907668231612,0.601330203442879,0.041471048513302,0.0150625978090767,0.0221048513302034,0.0907668231611894,0.0432316118935837
"14",0.163019079685746,0.0468574635241302,0.0897867564534231,0.102413019079686,0.117564534231201,0.155443322109989,0.0291806958473625,0.0342312008978676,0.261503928170595
"15",0.0417128091546696,0.0583241048357327,0.231081579918789,0.038390550018457,0.0516795865633075,0.0284237726098191,0.437061646363972,0.0716131413805833,0.0417128091546696
"16",0.0419918246005202,0.192493496841323,0.0419918246005202,0.0854700854700855,0.209215904868079,0.172426607209216,0.1256038647343,0.0553697510219249,0.075436640654032
"17",0.0373605046094129,0.159631246967492,0.0329936923823387,0.0417273168364871,0.31246967491509,0.28190198932557,0.0329936923823387,0.0373605046094129,0.0635613779718583
"18",0.0422745978301534,0.126449682005238,0.0490086045641601,0.321735877291433,0.109614665170221,0.160119715675271,0.065843621399177,0.0321735877291433,0.0927796483352039
"19",0.177838996020814,0.133761861034588,0.318334863789409,0.0676461585552495,0.0428527701254974,0.133761861034588,0.0290786654423018,0.03458830731558,0.0621365166819712
"20",0.106641123882503,0.462962962962963,0.0549169859514687,0.0491698595146871,0.0893997445721584,0.0606641123882503,0.0664112388250319,0.0319284802043423,0.0779054916985951
"21",0.0386864597390913,0.143949617633828,0.054880791722897,0.0305892937471885,0.0589293747188484,0.139901034637877,0.273504273504274,0.131803868645974,0.127755285650023
"22",0.0591465990705534,0.302492606675116,0.135192226446979,0.0819602872834812,0.150401351922264,0.0515420363329109,0.0325306294888044,0.0629488804393747,0.123785382340515
"23",0.0972730972730973,0.0533170533170533,0.0643060643060643,0.0276760276760277,0.045991045991046,0.0533170533170533,0.412291412291412,0.166870166870167,0.078958078958079
"24",0.0612466124661247,0.197831978319783,0.178319783197832,0.0466124661246612,0.114905149051491,0.0466124661246612,0.251490514905149,0.0417344173441734,0.0612466124661247
"25",0.044241810199257,0.0533603512326917,0.0472813238770686,0.269165822357312,0.156703816278284,0.278284363390746,0.0320837554880108,0.0320837554880108,0.0867950016886187
"26",0.0297067901234568,0.33179012345679,0.203317901234568,0.0574845679012346,0.11304012345679,0.0887345679012346,0.0366512345679012,0.095679012345679,0.0435956790123457
"27",0.621475953565506,0.125207296849088,0.0319237147595357,0.0393864013266998,0.0319237147595357,0.0281923714759536,0.0543117744610282,0.0207296849087894,0.046849087893864
"28",0.127680311890838,0.110136452241715,0.057504873294347,0.118908382066277,0.0487329434697856,0.057504873294347,0.197855750487329,0.0662768031189084,0.215399610136452
"29",0.0529292929292929,0.209292929292929,0.0529292929292929,0.147474747474747,0.0383838383838384,0.0565656565656566,0.271111111111111,0.0456565656565657,0.125656565656566
"30",0.0510335917312662,0.0975452196382429,0.106266149870801,0.524870801033592,0.0510335917312662,0.0568475452196382,0.0306847545219638,0.0452196382428941,0.0364987080103359
"31",0.0808907066575778,0.0461258804817087,0.475573733242445,0.0604408089070666,0.0645307884571688,0.127925471483754,0.0256759827311975,0.0154510338559418,0.10338559418314
"32",0.0357757137942896,0.116271069831441,0.0791193670450636,0.261781905744754,0.0915032679738562,0.0945992432060544,0.147230822153423,0.0853113175094599,0.0884072927416581
"33",0.0375180375180375,0.0602453102453102,0.151154401154401,0.105699855699856,0.261544011544012,0.157647907647908,0.0537518037518038,0.056998556998557,0.115440115440115
"34",0.310886644219978,0.199775533108866,0.0381593714927048,0.0381593714927048,0.0331088664421998,0.118967452300786,0.0381593714927048,0.139169472502806,0.0836139169472503
"35",0.0578273440726972,0.0392399834779017,0.0652622883106155,0.0615448161916563,0.187938868236266,0.161916563403552,0.332920280875671,0.0466749277158199,0.0466749277158199
"36",0.0175010175010175,0.0211640211640212,0.248270248270248,0.345339845339845,0.0303215303215303,0.103581603581604,0.129222629222629,0.012006512006512,0.0925925925925926
"37",0.0353028613898179,0.419918246005203,0.175771088814567,0.0286138981791156,0.0319583797844667,0.0520252694165738,0.0587142326272761,0.0219249349684132,0.175771088814567
"38",0.0560515873015873,0.243551587301587,0.0381944444444444,0.0649801587301587,0.243551587301587,0.0739087301587302,0.181051587301587,0.029265873015873,0.0694444444444444
"39",0.0566593083149374,0.0500367917586461,0.0500367917586461,0.0897718910963944,0.0367917586460633,0.083149374540103,0.434142752023547,0.142752023546726,0.0566593083149374
"40",0.0765268579838116,0.295069904341428,0.149374540103017,0.0500367917586461,0.103016924208977,0.136129506990434,0.0632818248712288,0.0500367917586461,0.0765268579838116
"41",0.0496540496540497,0.0313390313390313,0.035002035002035,0.0716320716320716,0.0386650386650387,0.0533170533170533,0.621082621082621,0.035002035002035,0.0643060643060643
"42",0.0347013680347014,0.422088755422089,0.0887554220887554,0.109776443109776,0.112779446112779,0.0827494160827494,0.0286953620286954,0.0316983650316984,0.0887554220887554
"43",0.0497163830497164,0.0737404070737404,0.241908575241909,0.100767434100767,0.223890557223891,0.178845512178846,0.0286953620286954,0.0407073740407074,0.0617283950617284
"44",0.0610906109061091,0.046330463304633,0.042640426404264,0.223452234522345,0.0943009430094301,0.363673636736367,0.024190241902419,0.038950389503895,0.105371053710537
"45",0.37893864013267,0.188640132669983,0.169983416252073,0.0766998341625207,0.046849087893864,0.0281923714759536,0.0431177446102819,0.0356550580431177,0.0319237147595357
"46",0.0331104743712194,0.0474371219356893,0.096147723654887,0.0674944285259472,0.093282394141993,0.087551735116205,0.202164915631964,0.259471505889844,0.113339700732251
"47",0.0480079188319723,0.0457807473397674,0.197228408809701,0.0791883197228409,0.0502350903241772,0.0613709477852017,0.395446671615937,0.0235090324177184,0.099232863152685
"48",0.0357815442561205,0.0222222222222222,0.0493408662900188,0.174764595103578,0.181544256120527,0.16120527306968,0.276459510357815,0.0425612052730697,0.056120527306968
"49",0.083252348558471,0.0336896663427276,0.191124068675089,0.0978296080336897,0.164885001619695,0.112406867508908,0.191124068675089,0.0424360220278588,0.083252348558471
"50",0.0420979986197378,0.247066942719117,0.116632160110421,0.070048309178744,0.0669427191166322,0.262594893029676,0.0452035886818496,0.0731538992408558,0.0762594893029676
"51",0.0498477929984779,0.248477929984779,0.0601217656012177,0.0703957382039574,0.193683409436834,0.104642313546423,0.0909436834094368,0.0429984779299848,0.138888888888889
"52",0.105853487556958,0.137399228881879,0.0932351910269891,0.150017525411847,0.090080616894497,0.143708377146863,0.061689449702068,0.153172099544339,0.0648440238345601
"53",0.0772600557546794,0.141776184786937,0.0593389088012744,0.224213460772601,0.0593389088012744,0.22062923138192,0.0414177618478694,0.0521704500199124,0.123855037833532
"54",0.0248366013071895,0.0483660130718954,0.238954248366013,0.10718954248366,0.0413071895424837,0.0648366013071895,0.363660130718954,0.0413071895424837,0.0695424836601307
"55",0.033161068044789,0.114556416881998,0.0564168819982773,0.261843238587425,0.0757967269595177,0.137812230835487,0.0486649440137812,0.099052540913006,0.172695951765719
"56",0.16561047739755,0.249260667511618,0.173215040135192,0.0629488804393747,0.112378538234052,0.0325306294888044,0.0249260667511618,0.0743557245458386,0.104773975496409
"57",0.0309487569761542,0.0240994419076611,0.396245560629122,0.0492135971588026,0.0720446473871132,0.158802638254693,0.02181633688483,0.02181633688483,0.225012683916794
"58",0.0486111111111111,0.0423611111111111,0.0579861111111111,0.245486111111111,0.173611111111111,0.326736111111111,0.0236111111111111,0.0298611111111111,0.0517361111111111
"59",0.0389185977421272,0.041592394533571,0.0549613784907903,0.413250148544266,0.108437314319667,0.234105763517528,0.0175282234105763,0.0255496137849079,0.0656565656565657
"60",0.0740740740740741,0.079538554948391,0.106860959319976,0.145112325440194,0.0686095931997571,0.0303582270795386,0.248937462052216,0.0686095931997571,0.177899210686096
"61",0.0361491628614916,0.0566971080669711,0.0292998477929985,0.111491628614916,0.354642313546423,0.20738203957382,0.0361491628614916,0.0395738203957382,0.128614916286149
"62",0.230506822612086,0.103313840155945,0.0419103313840156,0.050682261208577,0.186647173489279,0.107699805068226,0.094541910331384,0.094541910331384,0.0901559454191033
"63",0.0835486649440138,0.099052540913006,0.130060292850991,0.0292850990525409,0.389750215331611,0.037037037037037,0.102928509905254,0.0874246339362618,0.0409130060292851
"64",0.0869281045751634,0.0398692810457516,0.12516339869281,0.0281045751633987,0.357516339869281,0.166339869281046,0.0339869281045752,0.0810457516339869,0.0810457516339869
"65",0.045991045991046,0.24013024013024,0.0533170533170533,0.035002035002035,0.0862840862840863,0.0643060643060643,0.0313390313390313,0.41961741961742,0.024013024013024
"66",0.0905695611577965,0.233426704014939,0.170401493930906,0.0989729225023343,0.132586367880486,0.107376283846872,0.0485527544351074,0.0485527544351074,0.0695611577964519
"67",0.0437275985663082,0.143727598566308,0.0985663082437276,0.15663082437276,0.0953405017921147,0.0888888888888889,0.0340501792114695,0.0501792114695341,0.288888888888889
"68",0.119191919191919,0.119191919191919,0.101010101010101,0.101010101010101,0.119191919191919,0.101010101010101,0.101010101010101,0.137373737373737,0.101010101010101
"69",0.0658622423328306,0.0432378079436903,0.165409753645048,0.18350930115636,0.0930115635997989,0.0568124685771745,0.18350930115636,0.147310206133736,0.0613373554550025
"70",0.047979797979798,0.393434343434343,0.047979797979798,0.047979797979798,0.047979797979798,0.0661616161616162,0.211616161616162,0.0797979797979798,0.0570707070707071
"71",0.0365244136870434,0.102268358323722,0.0538254517493272,0.143790849673203,0.0538254517493272,0.0538254517493272,0.417147251057286,0.0330642060745867,0.105728565936178
"72",0.0665228335131248,0.0665228335131248,0.0568140956490471,0.0341603739661992,0.140956490471054,0.147428982380439,0.0600503416037397,0.325422509888529,0.102121539014743
"73",0.0425601039636127,0.121507472384665,0.223846653671215,0.141975308641975,0.0981156595191683,0.0454840805717999,0.212150747238467,0.0308641975308642,0.0834957764782326
"74",0.0638474295190713,0.101160862354892,0.108623548922056,0.138474295190713,0.093698175787728,0.116086235489221,0.0787728026533997,0.0563847429519071,0.242951907131012
"75",0.0286138981791156,0.0988480118914902,0.182460052025269,0.0687476774433296,0.349684132292828,0.0654031958379784,0.0620587142326273,0.0219249349684132,0.122259383128948
"76",0.0931571815718157,0.0596205962059621,0.0779132791327913,0.10230352303523,0.0931571815718157,0.0657181571815718,0.346205962059621,0.0748644986449865,0.087059620596206
"77",0.0575635876840696,0.274431057563588,0.0515394912985274,0.0816599732262383,0.274431057563588,0.0394912985274431,0.069611780455154,0.0575635876840696,0.0937081659973226
"78",0.252012882447665,0.0527375201288245,0.107085346215781,0.0454911433172303,0.117954911433172,0.0889694041867955,0.204911433172303,0.0382447665056361,0.0925925925925926
"79",0.0593389088012744,0.0665073675826364,0.0414177618478694,0.113102349661489,0.105933890880127,0.102349661489446,0.356829948227798,0.0306650736758264,0.123855037833532
"80",0.0419103313840156,0.0638401559454191,0.0375243664717349,0.0638401559454191,0.0550682261208577,0.050682261208577,0.594541910331384,0.0331384015594542,0.0594541910331384
"81",0.0624624624624625,0.23003003003003,0.370570570570571,0.0516516516516516,0.0570570570570571,0.0786786786786787,0.0624624624624625,0.0462462462462462,0.0408408408408408
"82",0.0352684144818976,0.0296504369538077,0.0436953807740325,0.0942571785268415,0.147627965043695,0.377965043695381,0.0268414481897628,0.0352684144818976,0.209425717852684
"83",0.0383838383838384,0.0711111111111111,0.136565656565657,0.0747474747474748,0.0711111111111111,0.165656565656566,0.125656565656566,0.0347474747474747,0.282020202020202
"84",0.0743557245458386,0.0819602872834812,0.0857625686523025,0.135192226446979,0.0971694127587664,0.180819602872835,0.0363329108576257,0.0971694127587664,0.211237853823405
"85",0.0340858787073927,0.14165559982293,0.0540061974324922,0.0699424524125719,0.368747233289066,0.17352810978309,0.0500221336874723,0.0420540061974325,0.065958388667552
"86",0.0290442418101993,0.0746369469773725,0.0746369469773725,0.138466734211415,0.14758527524485,0.293481931779804,0.0290442418101993,0.135427220533604,0.0776764606551841
"87",0.0275985663082437,0.0308243727598566,0.108243727598566,0.0695340501792115,0.053405017921147,0.114695340501792,0.0921146953405018,0.424372759856631,0.0792114695340502
"88",0.0806763285024155,0.106763285024155,0.189371980676329,0.171980676328502,0.15024154589372,0.0980676328502416,0.0371980676328502,0.0502415458937198,0.115458937198068
"89",0.10662177328844,0.0662177328843996,0.0864197530864197,0.0763187429854097,0.0763187429854097,0.13692480359147,0.217732884399551,0.0864197530864197,0.14702581369248
"90",0.0905845604640785,0.0865684962070504,0.034359660865685,0.207050423917894,0.235162873717091,0.122713074520303,0.118697010263275,0.0664881749219099,0.0383757251227131
"91",0.269723254853366,0.113589425857084,0.0466749277158199,0.0355225113589426,0.0243700950020653,0.0243700950020653,0.0689797604295746,0.366377529946303,0.050392399834779
"92",0.037037037037037,0.057037037037037,0.15037037037037,0.057037037037037,0.0637037037037037,0.117037037037037,0.0503703703703704,0.303703703703704,0.163703703703704
"93",0.0390229371462615,0.0363419719988085,0.106047065832589,0.0980041703902294,0.111408996127495,0.489425081918379,0.0282990765564492,0.0390229371462615,0.052427762883527
"94",0.121031746031746,0.246031746031746,0.112103174603175,0.121031746031746,0.0942460317460317,0.0853174603174603,0.0853174603174603,0.058531746031746,0.0763888888888889
"95",0.0267361111111111,0.0236111111111111,0.0423611111111111,0.176736111111111,0.0236111111111111,0.0548611111111111,0.451736111111111,0.0236111111111111,0.176736111111111
"96",0.0386864597390913,0.330184435447593,0.0427350427350427,0.35042735042735,0.0589293747188484,0.0508322087269456,0.0224921277552857,0.0386864597390913,0.0670265407107512
"97",0.0219450219450219,0.0281820281820282,0.292215292215292,0.0448140448140448,0.0219450219450219,0.0572880572880573,0.45021945021945,0.0177870177870178,0.0656040656040656
"98",0.0213675213675214,0.125213675213675,0.0367521367521368,0.0482905982905983,0.521367521367521,0.102136752136752,0.0290598290598291,0.0444444444444444,0.0713675213675214
"99",0.0425612052730697,0.259510357815443,0.137476459510358,0.0934086629001883,0.120527306967985,0.154425612052731,0.0425612052730697,0.0934086629001883,0.056120527306968
"100",0.308986277113767,0.18946436476317,0.0460380699424524,0.0619743249225321,0.0898627711376715,0.18149623727313,0.0460380699424524,0.0500221336874723,0.0261177512173528
"101",0.0313390313390313,0.035002035002035,0.0826210826210826,0.100936100936101,0.067969067969068,0.0643060643060643,0.544159544159544,0.0276760276760277,0.045991045991046
"102",0.108915239350022,0.0851998243302591,0.156346069389548,0.108915239350022,0.219587176108915,0.0812472551602986,0.128678085199824,0.0654369784804568,0.0456741326306544
"103",0.0916892502258356,0.103884372177055,0.0672990063233966,0.103884372177055,0.103884372177055,0.22583559168925,0.0266485998193315,0.201445347786811,0.0754290876242096
"104",0.0453269153630164,0.0814279983955074,0.103088648215002,0.0525471319695146,0.18973124749298,0.0922583233052547,0.0453269153630164,0.0344965904532692,0.355796229442439
"105",0.0855094726062468,0.491039426523298,0.0486431131592422,0.0440348182283666,0.0256016385048643,0.0302099334357399,0.0440348182283666,0.182283666154634,0.0486431131592422
"106",0.0345065562456867,0.152518978605935,0.0407177363699103,0.152518978605935,0.164941338854382,0.133885438233264,0.0966183574879227,0.164941338854382,0.0593512767425811
"107",0.0430901815943367,0.115112342259157,0.411511234225916,0.0486303477993229,0.0486303477993229,0.0209295167743921,0.178824253616497,0.101261926746691,0.0320098491843644
"108",0.0408357075023742,0.557929724596391,0.0365622032288699,0.0579297245963913,0.0622032288698955,0.0707502374169041,0.053656220322887,0.0280151946818613,0.0921177587844255
"109",0.447379454926625,0.0511530398322851,0.0549266247379455,0.0926624737945493,0.0511530398322851,0.039832285115304,0.039832285115304,0.0964360587002096,0.126624737945493
"110",0.0240994419076611,0.0446473871131405,0.0857432775240995,0.149670218163369,0.179350583460172,0.135971588026383,0.019533231861999,0.0263825469304921,0.334601725012684
"111",0.334502923976608,0.276608187134503,0.0608187134502924,0.0713450292397661,0.0555555555555556,0.0345029239766082,0.0660818713450292,0.0345029239766082,0.0660818713450292
"112",0.0602020202020202,0.296565656565657,0.0965656565656566,0.18020202020202,0.0529292929292929,0.0747474747474748,0.0565656565656566,0.0492929292929293,0.132929292929293
"113",0.0775681341719078,0.134171907756813,0.115303983228512,0.0813417190775681,0.0511530398322851,0.220964360587002,0.0360587002096436,0.107756813417191,0.175681341719078
"114",0.0284391534391534,0.138558201058201,0.162367724867725,0.334986772486772,0.180224867724868,0.0403439153439153,0.0314153439153439,0.0492724867724868,0.0343915343915344
"115",0.0324074074074074,0.411195286195286,0.0475589225589226,0.0740740740740741,0.0968013468013468,0.0589225589225589,0.0361952861952862,0.0513468013468013,0.191498316498317
"116",0.172705314009662,0.061292270531401,0.102053140096618,0.061292270531401,0.0286835748792271,0.36292270531401,0.044987922705314,0.0314009661835749,0.134661835748792
"117",0.0521367521367521,0.129059829059829,0.125213675213675,0.0367521367521368,0.0867521367521368,0.275213675213675,0.0329059829059829,0.136752136752137,0.125213675213675
"118",0.033298282509639,0.0743077462320365,0.0774623203645286,0.121626358219418,0.310900806168945,0.140553803014371,0.0396074307746232,0.0301437083771469,0.172099544339292
"119",0.0502222222222222,0.218222222222222,0.206222222222222,0.0422222222222222,0.174222222222222,0.0782222222222222,0.170222222222222,0.0302222222222222,0.0302222222222222
"120",0.0383657199800698,0.222222222222222,0.0652715495764823,0.0652715495764823,0.204285002491281,0.051818634778276,0.114598903836572,0.0787244643746886,0.159441953163926
"121",0.0244516361021215,0.370729953254225,0.0632865875584322,0.0568140956490471,0.102121539014743,0.153901474289824,0.0568140956490471,0.0309241280115067,0.140956490471054
"122",0.183838383838384,0.107474747474747,0.042020202020202,0.0747474747474748,0.143838383838384,0.136565656565657,0.0529292929292929,0.0674747474747475,0.191111111111111
"123",0.0659133709981168,0.43879472693032,0.0870998116760829,0.0828625235404896,0.120998116760829,0.0743879472693032,0.0574387947269303,0.0277777777777778,0.0447269303201507
"124",0.0299823633156966,0.204585537918871,0.0498236331569665,0.0617283950617284,0.331569664902998,0.0815696649029982,0.0458553791887125,0.109347442680776,0.0855379188712522
"125",0.133687472332891,0.125719344842851,0.101814962372731,0.0818946436476317,0.125719344842851,0.16954404603807,0.0739265161575919,0.0579902611775122,0.129703408587871
"126",0.0454943132108486,0.206911636045494,0.0651793525809274,0.15573053368329,0.23840769903762,0.139982502187227,0.0533683289588801,0.0494313210848644,0.0454943132108486
"127",0.0716320716320716,0.265771265771266,0.0643060643060643,0.155881155881156,0.166870166870167,0.115588115588116,0.045991045991046,0.045991045991046,0.067969067969068
"128",0.0359032501889645,0.0495086923658352,0.0359032501889645,0.0597127739984883,0.0427059712773998,0.389644746787604,0.0393046107331822,0.0325018896447468,0.314814814814815
"129",0.0448028673835125,0.133512544802867,0.0609318996415771,0.0609318996415771,0.0851254480286738,0.133512544802867,0.0770609318996416,0.0528673835125448,0.351254480286738
"130",0.0312213039485767,0.0560146923783287,0.0932047750229568,0.105601469237833,0.398989898989899,0.109733700642792,0.0436179981634527,0.0477502295684114,0.11386593204775
"131",0.228228228228228,0.160660660660661,0.0559309309309309,0.207957957957958,0.0930930930930931,0.130255255255255,0.0322822822822823,0.0289039039039039,0.0626876876876877
"132",0.0454943132108486,0.411636045494313,0.246281714785652,0.0415573053368329,0.0730533683289589,0.0573053368328959,0.0376202974628171,0.0454943132108486,0.0415573053368329
"133",0.0256869772998805,0.0821385902031063,0.337514934289128,0.205794504181601,0.0471923536439666,0.154719235364397,0.0176224611708483,0.041816009557945,0.0875149342891278
"134",0.04932502596054,0.479231568016615,0.0306334371754932,0.063343717549325,0.110072689511942,0.0773624091381101,0.0446521287642783,0.0680166147455867,0.0773624091381101
"135",0.0738860688099267,0.231246474901297,0.0485053581500282,0.150028200789622,0.104342921601805,0.0586576424139876,0.144952058657642,0.0485053581500282,0.139875916525663
"136",0.0155627940644227,0.0383640969960188,0.32338038364097,0.240318494390156,0.126311979732175,0.147484618168657,0.0220774520448788,0.0334781035106768,0.0530220774520449
"137",0.0377689942907334,0.0535792709705753,0.0614844093104963,0.199824330259113,0.0970575318401405,0.0654369784804568,0.247255160298639,0.0931049626701801,0.144488361879666
"138",0.413823272090989,0.138232720909886,0.0673665791776028,0.0831146106736658,0.0752405949256343,0.0437445319335083,0.0437445319335083,0.0437445319335083,0.0909886264216973
"139",0.0353028613898179,0.0553697510219249,0.0553697510219249,0.0386473429951691,0.239316239316239,0.246005202526942,0.0252694165737644,0.279450018580453,0.0252694165737644
"140",0.126036484245439,0.023424543946932,0.217454394693201,0.157752902155887,0.159618573797678,0.178275290215589,0.023424543946932,0.0196932006633499,0.0943200663349917
"141",0.0459976105137395,0.148148148148148,0.0675029868578256,0.137395459976105,0.0459976105137395,0.110513739545998,0.040621266427718,0.0782556750298686,0.325567502986858
"142",0.0799842395587076,0.0657998423955871,0.0551615445232466,0.12962962962963,0.182821118991332,0.225374310480693,0.0303388494877857,0.12608353033885,0.104806934594169
"143",0.0423917893797412,0.0423917893797412,0.102632753235163,0.106648817492191,0.0423917893797412,0.0624721106648818,0.359660865684962,0.0383757251227131,0.203034359660866
"144",0.0532514080901178,0.0809011776753712,0.136200716845878,0.0624679979518689,0.0532514080901178,0.094726062467998,0.140809011776754,0.0256016385048643,0.35279057859703
"145",0.0382222222222222,0.302222222222222,0.0902222222222222,0.0982222222222222,0.182222222222222,0.0542222222222222,0.150222222222222,0.0542222222222222,0.0302222222222222
"146",0.0977777777777778,0.467777777777778,0.0327777777777778,0.0377777777777778,0.0527777777777778,0.0377777777777778,0.0377777777777778,0.0427777777777778,0.192777777777778
"147",0.311007268951194,0.245586708203531,0.0867082035306335,0.10539979231568,0.063343717549325,0.0820353063343718,0.0446521287642783,0.0259605399792316,0.0353063343717549
"148",0.0168523279063125,0.0399885746929449,0.561839474435875,0.0322764924307341,0.114538703227649,0.0219937160811197,0.132533561839474,0.0322764924307341,0.0477006569551557
"149",0.0393046107331822,0.205971277399849,0.0597127739984883,0.0529100529100529,0.284202569916856,0.0801209372637944,0.127739984882842,0.0597127739984883,0.0903250188964475
"150",0.043170559094126,0.062278839348903,0.0941259731068648,0.151450813871196,0.0750176928520878,0.377565463552725,0.0463552724699222,0.0590941259731069,0.0909412597310686
"151",0.0407550407550408,0.22994422994423,0.16044616044616,0.0368940368940369,0.253110253110253,0.11025311025311,0.0600600600600601,0.0368940368940369,0.0716430716430717
"152",0.252042483660131,0.0976307189542484,0.0461601307189543,0.0351307189542484,0.160130718954248,0.185866013071895,0.0314542483660131,0.0241013071895425,0.167483660130719
"153",0.0192901234567901,0.0817901234567901,0.220679012345679,0.0713734567901235,0.387345679012346,0.0505401234567901,0.0297067901234568,0.0435956790123457,0.095679012345679
"154",0.385595081247255,0.18006148440931,0.0733421168203777,0.0931049626701801,0.0496267018006148,0.0496267018006148,0.0298638559508125,0.025911286780852,0.112867808519982
"155",0.10048309178744,0.0657004830917874,0.0830917874396135,0.196135265700483,0.170048309178744,0.0570048309178744,0.0917874396135266,0.0917874396135266,0.143961352657005
"156",0.0315364869820315,0.0249358269160249,0.0942427576090942,0.0216354968830216,0.0216354968830216,0.0744407774110745,0.668500183351668,0.0249358269160249,0.0381371470480381
"157",0.0409356725146199,0.337586390217969,0.0505050505050505,0.165337586390218,0.0792131844763424,0.117490696438065,0.0361509835194046,0.0935672514619883,0.0792131844763424
"158",0.0188378033205619,0.0676883780332056,0.320561941251596,0.076309067688378,0.15389527458493,0.125159642401022,0.0992975734355045,0.04757343550447,0.0906768837803321
"159",0.14782326185835,0.0337881741390513,0.0454840805717999,0.10688758934373,0.103963612735543,0.349577647823262,0.0659519168291098,0.0571799870045484,0.0893437296946069
"160",0.0677777777777778,0.212777777777778,0.0427777777777778,0.477777777777778,0.0577777777777778,0.0277777777777778,0.0327777777777778,0.0277777777777778,0.0527777777777778
"161",0.405154203633291,0.0553443177017321,0.0705534431770173,0.0553443177017321,0.0363329108576257,0.0363329108576257,0.0325306294888044,0.22644697929869,0.0819602872834812
"162",0.0829187396351575,0.0978441127694859,0.142620232172471,0.127694859038143,0.127694859038143,0.0978441127694859,0.0829187396351575,0.0978441127694859,0.142620232172471
"163",0.0315091210613599,0.0344941956882255,0.0762852404643449,0.0494195688225539,0.138971807628524,0.359867330016584,0.0165837479270315,0.0225538971807629,0.270315091210614
"164",0.0659983291562239,0.133667502088555,0.0359231411862991,0.0810359231411863,0.0396825396825397,0.182539682539683,0.197577276524645,0.0284043441938179,0.235171261487051
"165",0.0522161505768063,0.412871888281724,0.0959319975713418,0.0576806314511233,0.106860959319976,0.0631451123254402,0.0959319975713418,0.0522161505768063,0.0631451123254402
"166",0.110357815442561,0.106967984934087,0.0696798493408663,0.106967984934087,0.205273069679849,0.208662900188324,0.0222222222222222,0.0527306967984934,0.11713747645951
"167",0.0264756944444444,0.0928819444444444,0.385850694444444,0.124131944444444,0.0713975694444444,0.108506944444444,0.143663194444444,0.0167100694444444,0.0303819444444444
"168",0.0501587301587302,0.147301587301587,0.17015873015873,0.11015873015873,0.0558730158730159,0.073015873015873,0.307301587301587,0.0358730158730159,0.0501587301587302
"169",0.486222222222222,0.0582222222222222,0.0942222222222222,0.0702222222222222,0.0982222222222222,0.0462222222222222,0.0302222222222222,0.0542222222222222,0.0622222222222222
"170",0.0347786811201445,0.380307136404697,0.0632339656729901,0.120144534778681,0.112014453477868,0.107949412827462,0.0510388437217706,0.0429087624209575,0.0876242095754291
"171",0.0595103578154426,0.0527306967984934,0.113747645951036,0.113747645951036,0.208662900188324,0.31713747645951,0.0323917137476459,0.0256120527306968,0.0764595103578155
"172",0.0290598290598291,0.252136752136752,0.0944444444444445,0.0636752136752137,0.0521367521367521,0.298290598290598,0.0829059829059829,0.0790598290598291,0.0482905982905983
"173",0.0624679979518689,0.302099334357399,0.094726062467998,0.0578597030209933,0.0855094726062468,0.0578597030209933,0.242191500256016,0.0440348182283666,0.0532514080901178
"174",0.0401135960241392,0.0305289314873979,0.113596024139155,0.1008164714235,0.0560880369187079,0.0560880369187079,0.426695065672701,0.0273340433084842,0.148739794107206
"175",0.054017094017094,0.094017094017094,0.149401709401709,0.137094017094017,0.137094017094017,0.103247863247863,0.198632478632479,0.0294017094017094,0.0970940170940171
"176",0.0409356725146199,0.213184476342371,0.0409356725146199,0.0313662945241893,0.19404572036151,0.0792131844763424,0.0265816055289739,0.342371079213184,0.0313662945241893
"177",0.0271464646464646,0.0328282828282828,0.115214646464646,0.487373737373737,0.13510101010101,0.0754419191919192,0.038510101010101,0.0243055555555556,0.0640782828282828
"178",0.0974658869395711,0.115009746588694,0.0974658869395711,0.132553606237817,0.0974658869395711,0.0974658869395711,0.115009746588694,0.115009746588694,0.132553606237817
"179",0.0495946590367191,0.221268478779208,0.0710538865045303,0.0624701955174058,0.113972341440153,0.221268478779208,0.0925131139723415,0.105388650453028,0.0624701955174058
"180",0.0287312484108823,0.0287312484108823,0.127129417747267,0.0744978387998983,0.101957793033308,0.191202644291889,0.0287312484108823,0.269005847953216,0.150012712941775
"181",0.0743295019157088,0.108812260536398,0.174329501915709,0.0432950191570881,0.37088122605364,0.0295019157088123,0.053639846743295,0.0363984674329502,0.108812260536398
"182",0.101145989038366,0.083208769307424,0.0563029397110115,0.083208769307424,0.343298455406079,0.0563029397110115,0.051818634778276,0.0787244643746886,0.14598903836572
"183",0.197148475909538,0.166175024582104,0.0555555555555556,0.0555555555555556,0.126352015732547,0.144051130776794,0.0467059980334317,0.0865290068829892,0.121927236971485
"184",0.438828720417168,0.142799839550742,0.0597673485760128,0.131969514640995,0.0381066987565183,0.0417168070597673,0.0489370236662655,0.027276373846771,0.0705976734857601
"185",0.0238435860753457,0.0238435860753457,0.0367191225560324,0.0882212684787792,0.0624701955174058,0.083929422985217,0.495946590367191,0.144015259895088,0.0410109680495947
"186",0.0301711633304323,0.0301711633304323,0.385262547142443,0.0667246881346098,0.165941398317377,0.0954453147664636,0.0902233826515811,0.0353930954453148,0.100667246881346
"187",0.0670059372349449,0.223494486853265,0.047921967769296,0.0593723494486853,0.0670059372349449,0.31891433418151,0.0517387616624258,0.0212044105173876,0.14334181509754
"188",0.0938271604938272,0.0938271604938272,0.131922398589065,0.0398589065255732,0.281128747795414,0.141446208112875,0.0335097001763668,0.0811287477954145,0.103350970017637
"189",0.0459876543209877,0.157098765432099,0.201543209876543,0.0876543209876543,0.0487654320987654,0.14320987654321,0.101543209876543,0.148765432098765,0.0654320987654321
"190",0.0212234706616729,0.0296504369538077,0.113920099875156,0.0352684144818976,0.0577403245942572,0.0942571785268415,0.521223470661673,0.0380774032459426,0.0886392009987516
"191",0.0454980842911877,0.118773946360153,0.0842911877394636,0.0584291187739464,0.0627394636015326,0.222222222222222,0.0498084291187739,0.26963601532567,0.0886015325670498
"192",0.0469135802469136,0.0735802469135803,0.051358024691358,0.211358024691358,0.091358024691358,0.206913580246914,0.122469135802469,0.104691358024691,0.091358024691358
"193",0.0383757251227131,0.327532351628737,0.0745203034359661,0.207050423917894,0.0946006247211067,0.0865684962070504,0.0263275323516287,0.0504239178937974,0.0946006247211067
"194",0.0460618846694796,0.0365682137834037,0.0808720112517581,0.09985935302391,0.223277074542897,0.365682137834037,0.0334036568213783,0.030239099859353,0.0840365682137834
"195",0.0732193732193732,0.12962962962963,0.157834757834758,0.101424501424501,0.0270655270655271,0.0988603988603989,0.0347578347578348,0.0219373219373219,0.355270655270655
"196",0.289104638619202,0.221143473570658,0.04638619201726,0.0803667745415318,0.0852211434735707,0.0706580366774542,0.0560949298813377,0.0415318230852211,0.109492988133765
"197",0.0482603815937149,0.255331088664422,0.0482603815937149,0.139169472502806,0.0886644219977553,0.219977553310887,0.0381593714927048,0.0937149270482604,0.0684624017957351
"198",0.0437977660199882,0.0834803057025279,0.419459141681364,0.0358612580834803,0.152263374485597,0.0543797766019988,0.0649617871840094,0.0517342739564962,0.0940623162845385
"199",0.039426523297491,0.0256016385048643,0.0716845878136201,0.426523297491039,0.039426523297491,0.0624679979518689,0.0348182283666155,0.0993343573988735,0.200716845878136
"200",0.0480693459416864,0.0977147360126084,0.0338849487785658,0.0516154452324665,0.0941686367218282,0.12962962962963,0.331757289204098,0.0906225374310481,0.122537431048069
"201",0.0355881553925564,0.0991578375441456,0.118717739744635,0.0820429231187177,0.0380331431676175,0.148057593045368,0.0184732409671285,0.0404781309426786,0.419451236077153
"202",0.0148148148148148,0.129481481481481,0.116148148148148,0.462814814814815,0.0468148148148148,0.0628148148148148,0.0174814814814815,0.0308148148148148,0.118814814814815
"203",0.060500290866783,0.0395578824898197,0.0971495055264689,0.311809191390343,0.0814426992437464,0.0657358929610238,0.128563118091914,0.123327515997673,0.0919139034322281
"204",0.0447378071140447,0.17015034836817,0.127246057939127,0.081041437477081,0.0942427576090942,0.048038137147048,0.269160249358269,0.0348368170150348,0.130546387972131
"205",0.0699168556311413,0.127739984882842,0.178760393046107,0.0291005291005291,0.141345427059713,0.178760393046107,0.0427059712773998,0.0325018896447468,0.199168556311413
"206",0.527905785970302,0.0809011776753712,0.0578597030209933,0.0578597030209933,0.0762928827444957,0.0440348182283666,0.0486431131592422,0.0348182283666155,0.0716845878136201
"207",0.0529513888888889,0.150607638888889,0.0763888888888889,0.0451388888888889,0.162326388888889,0.256076388888889,0.107638888888889,0.0412326388888889,0.107638888888889
"208",0.0474371219356893,0.107609041706463,0.107609041706463,0.187838268067494,0.0417064629099013,0.167780961477237,0.139127666348297,0.0646290990130532,0.136262336835403
"209",0.0610021786492375,0.127668845315904,0.0335511982570806,0.0453159041394336,0.0727668845315904,0.15119825708061,0.0296296296296296,0.0453159041394336,0.433551198257081
"210",0.0434512725015518,0.0713842333954066,0.194289261328367,0.0657976412166356,0.389819987585351,0.0434512725015518,0.0350713842333954,0.0406579764121664,0.116076970825574
"211",0.0451299628677521,0.0528420451299629,0.0785489860039989,0.0811196800914025,0.111968009140246,0.0811196800914025,0.322764924307341,0.0888317623536133,0.137674950014282
"212",0.133838383838384,0.077020202020202,0.190656565656566,0.105429292929293,0.0486111111111111,0.116792929292929,0.105429292929293,0.077020202020202,0.14520202020202
"213",0.0759106213651668,0.0428527701254974,0.0759106213651668,0.100704009794919,0.166819712274258,0.406489133761861,0.0208142026323845,0.0208142026323845,0.0896847260483624
"214",0.375295508274232,0.173167848699764,0.0508274231678487,0.0561465721040189,0.0561465721040189,0.0401891252955083,0.0880614657210402,0.114657210401891,0.0455082742316785
"215",0.469729344729345,0.0754985754985755,0.0402421652421652,0.0530626780626781,0.0402421652421652,0.197293447293447,0.0242165242165242,0.0626780626780627,0.037037037037037
"216",0.0413011695906433,0.123538011695906,0.20577485380117,0.0380116959064327,0.26827485380117,0.0774853801169591,0.0347222222222222,0.0314327485380117,0.179459064327485
"217",0.0622032288698955,0.130579297245964,0.0579297245963913,0.0835707502374169,0.0664767331433998,0.267331433998101,0.169040835707502,0.0664767331433998,0.0963912630579297
"218",0.0467394346487546,0.0895605933389309,0.3162608452281,0.0744472432129863,0.127343968653792,0.238175202910719,0.0190316260845228,0.0291071928351525,0.0593338930870417
"219",0.0434419381787803,0.0735171261487051,0.0772765246449457,0.0396825396825397,0.423141186299081,0.0359231411862991,0.0284043441938179,0.107351712614871,0.171261487050961
"220",0.0274584929757344,0.156768837803321,0.360791826309068,0.0705619412515964,0.151021711366539,0.0906768837803321,0.0217113665389527,0.061941251596424,0.0590676883780332
"221",0.0448859455481972,0.137601177336277,0.0415746872700515,0.0382634289919058,0.183958793230316,0.0746872700515085,0.369389256806475,0.0283296541574687,0.0813097866077999
"222",0.146421845574388,0.184557438794727,0.120998116760829,0.0574387947269303,0.167608286252354,0.171845574387947,0.0574387947269303,0.0447269303201507,0.0489642184557439
"223",0.0315725561627201,0.0588949605343048,0.088949605343048,0.132665452337583,0.143594414086217,0.088949605343048,0.140862173649059,0.0206435944140862,0.293867638129933
"224",0.0496982605608804,0.0944266950656727,0.119985800496983,0.0433084842030529,0.20305289314874,0.119985800496983,0.0273340433084842,0.0560880369187079,0.286119985800497
"225",0.0488543017725897,0.418504107220061,0.115002161694769,0.0955469087764808,0.0916558581928232,0.0488543017725897,0.0760916558581928,0.0332900994379594,0.0722006052745352
"226",0.0378179384203481,0.0378179384203481,0.18239625167336,0.107095046854083,0.23661311914324,0.15528781793842,0.0679384203480589,0.034805890227577,0.140227576974565
"227",0.124300559552358,0.221422861710631,0.0847322142286171,0.0631494804156675,0.0595523581135092,0.0523581135091926,0.0271782573940847,0.030775379696243,0.336530775379696
"228",0.0235404896421846,0.218455743879473,0.0828625235404896,0.120998116760829,0.129472693032015,0.248116760828625,0.0659133709981168,0.0489642184557439,0.0616760828625235
"229",0.068724279835391,0.0613168724279835,0.0465020576131687,0.179835390946502,0.276131687242798,0.161316872427984,0.0316872427983539,0.0650205761316873,0.109465020576132
"230",0.0450019912385504,0.127439267224213,0.11668657905217,0.0665073675826364,0.238550378335325,0.148944643568299,0.0378335324571884,0.0521704500199124,0.166865790521704
"231",0.118908382066277,0.110136452241715,0.0838206627680312,0.0662768031189084,0.0838206627680312,0.224171539961014,0.101364522417154,0.0838206627680312,0.127680311890838
"232",0.0707070707070707,0.0955004591368228,0.0872359963269054,0.10376492194674,0.0872359963269054,0.153351698806244,0.054178145087236,0.0707070707070707,0.277318640955005
